Input file: bin/data.txt
Size=20 Dim=20
0.000000 1673.005380 2025.542396 2008.588559 1493.671985 2228.087296 1957.269782 1639.683811 2193.036479 1555.658060 1396.313002 1874.033884 1868.685634 1894.066525 2197.651019 1956.304424 1809.269466 1656.211641 2048.169182 2068.053916 
1673.005380 0.000000 2000.874559 1669.865563 1912.705152 1777.838575 1893.054674 1582.307808 2097.753560 1317.717345 1813.337531 1525.749652 1764.871383 1725.582510 1816.465524 1638.899631 1620.101540 1759.397056 2323.187896 2188.891043 
2025.542396 2000.874559 0.000000 2161.905641 2004.130734 2054.484120 1969.674846 1579.544555 2146.355749 2091.499462 2044.110565 2018.043855 1951.525045 1680.089283 2185.788645 1952.139083 2094.655580 2083.108495 1905.418852 1898.429614 
2008.588559 1669.865563 2161.905641 0.000000 1805.388601 1668.902933 1973.727185 1523.133940 1684.113120 2047.162915 1987.082786 1442.824660 1753.676709 1579.049081 1202.067386 2127.816956 1892.168069 1847.943452 1998.580246 1779.174809 
1493.671985 1912.705152 2004.130734 1805.388601 0.000000 2331.249236 1967.497649 1847.973755 1809.236027 1889.901585 1527.186956 1825.975082 1964.400672 1341.994784 1846.516721 2027.567262 1963.643552 1788.959754 1806.161953 2081.649106 
2228.087296 1777.838575 2054.484120 1668.902933 2331.249236 0.000000 1538.351065 1780.856535 1502.741495 1610.322638 2084.466119 2037.213293 1488.599678 1747.775443 1492.016421 1832.234155 2156.358273 2288.701379 2130.512614 1486.709790 
1957.269782 1893.054674 1969.674846 1973.727185 1967.497649 1538.351065 0.000000 1366.374766 1743.443145 1826.646928 1974.759479 1772.440690 1501.224500 1900.716444 1909.214236 1796.477108 1906.182835 1833.141566 1647.822199 1607.112939 
1639.683811 1582.307808 1579.544555 1523.133940 1847.973755 1780.856535 1366.374766 0.000000 1690.480997 1969.204154 1746.044387 1464.709528 1289.485556 1627.616970 1851.531528 1859.460674 1387.180233 1450.999655 1420.190128 1617.839300 
2193.036479 2097.753560 2146.355749 1684.113120 1809.236027 1502.741495 1743.443145 1690.480997 0.000000 1962.614837 1619.621252 1991.415577 1804.449778 1771.282868 1481.872127 2065.406498 2188.661920 1951.835034 1595.044200 1703.921947 
1555.658060 1317.717345 2091.499462 2047.162915 1889.901585 1610.322638 1826.646928 1969.204154 1962.614837 0.000000 1644.081506 1764.056405 1829.191625 1967.264090 1814.583699 1869.153552 1745.578414 2004.105536 2335.242814 1935.008786 
1396.313002 1813.337531 2044.110565 1987.082786 1527.186956 2084.466119 1974.759479 1746.044387 1619.621252 1644.081506 0.000000 2094.858229 2018.694628 1793.200491 1752.893037 2072.546501 1900.624108 1506.055444 1883.032395 1578.410276 
1874.033884 1525.749652 2018.043855 1442.824660 1825.975082 2037.213293 1772.440690 1464.709528 1991.415577 1764.056405 2094.858229 0.000000 2020.827801 2058.357841 1776.082487 1948.001027 1657.646826 1756.179945 1891.548572 2216.829718 
1868.685634 1764.871383 1951.525045 1753.676709 1964.400672 1488.599678 1501.224500 1289.485556 1804.449778 1829.191625 2018.694628 2020.827801 0.000000 1544.304374 1948.801170 1803.927105 1703.066646 2034.211641 1718.636378 1542.985742 
1894.066525 1725.582510 1680.089283 1579.049081 1341.994784 1747.775443 1900.716444 1627.616970 1771.282868 1967.264090 1793.200491 2058.357841 1544.304374 0.000000 1688.119664 1806.951853 2017.541573 1928.656786 1766.460019 1665.762588 
2197.651019 1816.465524 2185.788645 1202.067386 1846.516721 1492.016421 1909.214236 1851.531528 1481.872127 1814.583699 1752.893037 1776.082487 1948.801170 1688.119664 0.000000 2229.108118 2044.515591 2127.249163 1987.647101 1394.977061 
1956.304424 1638.899631 1952.139083 2127.816956 2027.567262 1832.234155 1796.477108 1859.460674 2065.406498 1869.153552 2072.546501 1948.001027 1803.927105 1806.951853 2229.108118 0.000000 2077.928055 2152.098511 2312.311398 2291.626933 
1809.269466 1620.101540 2094.655580 1892.168069 1963.643552 2156.358273 1906.182835 1387.180233 2188.661920 1745.578414 1900.624108 1657.646826 1703.066646 2017.541573 2044.515591 2077.928055 0.000000 1997.669392 2326.728390 1947.835465 
1656.211641 1759.397056 2083.108495 1847.943452 1788.959754 2288.701379 1833.141566 1450.999655 1951.835034 2004.105536 1506.055444 1756.179945 2034.211641 1928.656786 2127.249163 2152.098511 1997.669392 0.000000 1659.145563 2074.296025 
2048.169182 2323.187896 1905.418852 1998.580246 1806.161953 2130.512614 1647.822199 1420.190128 1595.044200 2335.242814 1883.032395 1891.548572 1718.636378 1766.460019 1987.647101 2312.311398 2326.728390 1659.145563 0.000000 1692.237572 
2068.053916 2188.891043 1898.429614 1779.174809 2081.649106 1486.709790 1607.112939 1617.839300 1703.921947 1935.008786 1578.410276 2216.829718 1542.985742 1665.762588 1394.977061 2291.626933 1947.835465 2074.296025 1692.237572 0.000000 
